eno1              254160 0         28032 0       355646K 0         2497K 0      
eno1                   0 0             0 0             0 0             0 0      
eno1                   1 0             2 0           134 0           184 0      
eno1                 413 0           457 0        205548 0        323639 0      
eno1                 558 0           336 0        405301 0         35664 0      
eno1                 567 0           327 0        416525 0         35046 0      
eno1                 567 0           338 0        417033 0         35772 0      
eno1                3324 0           636 0         4363K 0         55352 0      
eno1               11733 0          1365 0        16503K 0        106410 0      
eno1               15218 0          1571 0        21514K 0        120050 0      
eno1               15835 0          1550 0        22445K 0        118552 0      
eno1               15686 0          1595 0        22167K 0        121590 0      
eno1               15400 0          1576 0        21756K 0        120312 0      
eno1               14940 0          1572 0        20997K 0        120752 0      
eno1               14905 0          1510 0        20919K 0        116320 0      
eno1               15494 0          1576 0        21831K 0        120676 0      
eno1               15967 0          1558 0        22608K 0        119148 0      
eno1               15848 0          1626 0        22389K 0        123636 0      
eno1               15057 0          1718 0        21134K 0        130728 0      
eno1               15514 0          1534 0        21869K 0        117904 0      
eno1               15011 0          1563 0        21059K 0        119818 0      
eno1               15439 0          1567 0        21761K 0        120082 0      
eno1               15762 0          1544 0        22291K 0        118224 0      
eno1               15798 0          1625 0        22252K 0        123278 0      
eno1               15398 0          1612 0        21698K 0        123392 0      
eno1               15358 0          1524 0        21601K 0        117244 0      
eno1               14780 0          1591 0        20704K 0        121938 0      
eno1               15207 0          1537 0        21456K 0        117806 0      
eno1               15701 0          1589 0        22221K 0        121534 0      
eno1               16030 0          1588 0        22658K 0        120788 0      
eno1               15709 0          1661 0        22158K 0        126286 0      
eno1               15271 0          1581 0        21522K 0        121006 0      
eno1               15041 0          1579 0        21074K 0        121262 0      
eno1               15121 0          1608 0        21195K 0        122924 0      
eno1               15568 0          1537 0        21902K 0        118102 0      
eno1               15490 0          1633 0        21770K 0        124778 0      
eno1               15276 0          1730 0        21408K 0        131520 0      
eno1               15462 0          1659 0        21647K 0        126402 0      
eno1               14730 0          1694 0        20572K 0        128872 0      
eno1               14549 0          1675 0        20318K 0        127890 0      
eno1               15082 0          1741 0        21142K 0        132246 0      
eno1               15586 0          1739 0        21936K 0        131774 0      
eno1               15154 0          1777 0        21245K 0        134622 0      
eno1               15709 0          1680 0        22057K 0        127540 0      
eno1               15210 0          1721 0        21282K 0        130586 0      
eno1               14793 0          1607 0        20642K 0        123450 0      
eno1               15620 0          1652 0        21890K 0        125352 0      
eno1               15177 0          1668 0        21301K 0        127088 0      
eno1               15251 0          1738 0        21333K 0        132048 0      
eno1               14950 0          1866 0        20949K 0        140836 0      
eno1               15620 0          1600 0        21864K 0        121896 0      
eno1               15081 0          1588 0        21058K 0        121468 0      
eno1               14953 0          1633 0        20919K 0        125118 0      
eno1               15627 0          1692 0        21973K 0        128640 0      
eno1               15840 0          1655 0        22259K 0        125958 0      
eno1               14960 0          1663 0        20994K 0        126758 0      
eno1               14925 0          1640 0        20920K 0        125240 0      
eno1               14660 0          1701 0        20469K 0        129606 0      
eno1               14834 0          1558 0        20731K 0        119488 0      
eno1               14798 0          1670 0        20728K 0        127560 0      
eno1               15234 0          1678 0        21351K 0        128088 0      
eno1               15321 0          1754 0        21471K 0        133104 0      
eno1               15568 0          1693 0        21815K 0        128398 0      
eno1               15032 0          1674 0        21002K 0        127596 0      
eno1               15099 0          1556 0        21112K 0        119356 0      
eno1               15443 0          1656 0        21675K 0        125956 0      
eno1               15236 0          1763 0        21393K 0        134038 0      
eno1                9393 0          1403 0        12835K 0        393179 0      
eno1                 847 0           490 0        628664 0         51924 0      
eno1                 766 0           450 0        587376 0         46224 0      
eno1                 820 0           516 0        577917 0         59936 0      
eno1                2490 0           636 0         3089K 0         59928 0      
eno1               14547 0          1663 0        21086K 0        122178 0      
eno1               16183 0          1807 0        23605K 0        130278 0      
eno1               17361 0          1933 0        25302K 0        142062 0      
eno1               17600 0          1890 0        25697K 0        138408 0      
eno1               17745 0          1808 0        25964K 0        132860 0      
eno1               15824 0          1822 0        23051K 0        135076 0      
eno1               15209 0          1752 0        22035K 0        129708 0      
eno1               16323 0          1711 0        23770K 0        126186 0      
eno1               17738 0          1813 0        25849K 0        134346 0      
eno1               17840 0          1817 0        26040K 0        133454 0      
eno1               17394 0          1744 0        25401K 0        126256 0      
eno1               17541 0          1865 0        25606K 0        136466 0      
eno1               16513 0          1858 0        23951K 0        136840 0      
eno1               17603 0          1908 0        25625K 0        138032 0      
eno1               18451 0          1973 0        26891K 0        143478 0      
eno1               18933 0          1919 0      18446744069442M 0        141454 0      
eno1               18896 0          1920 0        27572K 0        141000 0      
eno1               17861 0          1939 0        26065K 0        142934 0      
eno1               16987 0          1803 0        24681K 0        133686 0      
eno1               16800 0          1841 0        24346K 0        136058 0      
eno1               17550 0          1880 0        25504K 0        138340 0      
eno1               18237 0          1776 0        26534K 0        131700 0      
eno1               18003 0          1850 0        26255K 0        134068 0      
eno1               17661 0          1841 0        25753K 0        133338 0      
eno1               16736 0          1800 0        24335K 0        132672 0      
eno1               16179 0          1978 0        23429K 0        144396 0      
eno1               18501 0          1781 0        26980K 0        129174 0      
eno1               19101 0          1772 0        27842K 0        130892 0      
eno1               18335 0          2019 0        26727K 0        148350 0      
eno1               19266 0          1805 0        28139K 0        132322 0      
eno1               17592 0          1886 0        25639K 0        139300 0      
eno1               16470 0          1898 0        23842K 0        139820 0      
eno1               17638 0          1805 0        25654K 0        132322 0      
eno1               18019 0          1893 0        26180K 0        139674 0      
eno1               17427 0          1867 0        25354K 0        137298 0      
eno1               18181 0          1820 0        26526K 0        131204 0      
eno1               17245 0          1752 0        25133K 0        128620 0      
eno1               16376 0          1840 0        23723K 0        135720 0      
eno1               17939 0          1802 0        26116K 0        130604 0      
eno1               18787 0          1747 0        27385K 0        128154 0      
eno1               18825 0          1859 0        27451K 0        137586 0      
eno1               18704 0          1980 0        27292K 0        144688 0      
eno1               17974 0          1915 0        26235K 0        140330 0      
eno1               16881 0          1813 0        24525K 0        134278 0      
eno1               16425 0          1886 0        23788K 0        138756 0      
eno1               17644 0          1743 0        25641K 0        128910 0      
eno1               17269 0          1814 0        25097K 0        134276 0      
eno1               17764 0          1824 0        25885K 0        132624 0      
eno1               17618 0          1875 0        25696K 0        134970 0      
eno1               16100 0          1955 0        23365K 0        143854 0      
eno1               16749 0          1844 0        24254K 0        135780 0      
eno1               18165 0          1914 0        26469K 0        138444 0      
eno1               18969 0          1904 0        27634K 0        140216 0      
eno1               18739 0          1882 0        27308K 0        139036 0      
eno1               18834 0          1869 0        27470K 0        137294 0      
eno1               17767 0          1916 0        25873K 0        141364 0      
eno1               16657 0          1818 0        24109K 0        134336 0      
eno1               16850 0          1905 0        24458K 0        139738 0      
eno1               18249 0          1777 0        26514K 0        131970 0      
eno1               12212 0          1661 0        17440K 0        409223 0      
eno1                 347 0           214 0        233105 0         20900 0      
eno1                 364 0           217 0        254941 0         20986 0      
eno1                 347 0           200 0        248019 0         19456 0      
eno1                 832 0           333 0        841514 0         28302 0      
eno1                4330 0          1087 0         5391K 0         76366 0      
eno1                4232 0          1029 0         5333K 0         72266 0      
eno1                4035 0           982 0         5031K 0         68892 0      
eno1                4135 0          1025 0         5200K 0         72014 0      
eno1                4516 0          1082 0         5682K 0         75764 0      
eno1                4217 0          1019 0         5234K 0         72555 0      
eno1                4444 0          1069 0         5634K 0         75178 0      
eno1                4297 0          1062 0         5374K 0         74492 0      
eno1                4457 0          1132 0         5570K 0         79076 0      
eno1                4446 0          1102 0         5576K 0         77356 0      
eno1                4248 0          1052 0         5384K 0         73656 0      
eno1                4323 0          1118 0         5440K 0         78208 0      
eno1                4513 0          1297 0         5663K 0         89954 0      
eno1                4385 0          1151 0         5555K 0         80590 0      
eno1                4263 0          1252 0         5356K 0         86996 0      
eno1                4184 0          1064 0         5318K 0         74576 0      
eno1                4249 0          1234 0         5361K 0         85844 0      
eno1                4281 0          1216 0         5414K 0         84608 0      
eno1                4348 0          1162 0         5512K 0         81068 0      
eno1                4375 0          1254 0         5472K 0         87128 0      
eno1                4608 0          1321 0         5769K 0         91810 0      
eno1                4341 0          1282 0         5463K 0         88964 0      
eno1                4332 0          1208 0         5453K 0         84080 0      
eno1                4612 0          1142 0         5784K 0         79996 0      
eno1                4711 0          1152 0         5901K 0         80384 0      
eno1                4233 0          1032 0         5330K 0         72476 0      
eno1                4226 0          1142 0         5254K 0         79860 0      
eno1                4282 0          1210 0         5388K 0         84224 0      
eno1                4209 0          1267 0         5286K 0         87714 0      
eno1                4371 0          1220 0         5554K 0         85124 0      
eno1                4389 0          1274 0         5493K 0         88516 0      
eno1                4429 0          1237 0         5584K 0         85994 0      
eno1                4368 0          1303 0         5484K 0         90350 0      
eno1                4383 0          1271 0         5566K 0         88238 0      
eno1                4564 0          1101 0         5793K 0         77266 0      
eno1                4470 0          1090 0         5675K 0         76304 0      
eno1                4476 0          1084 0         5610K 0         75896 0      
eno1                4372 0          1108 0         5459K 0         77480 0      
eno1                4404 0          1024 0         5586K 0         71936 0      
eno1                4358 0          1063 0         5531K 0         74510 0      
eno1                4204 0           990 0         5253K 0         69704 0      
eno1                4275 0           997 0         5392K 0         70154 0      
eno1                4396 0          1079 0         5526K 0         75566 0      
eno1                4453 0          1113 0         5600K 0         77810 0      
eno1                4517 0          1159 0         5602K 0         80574 0      
eno1                4435 0          1074 0         5540K 0         75508 0      
eno1                4435 0          1110 0         5570K 0         77612 0      
eno1                4433 0          1231 0         5565K 0         85886 0      
eno1                4483 0          1341 0         5555K 0         92870 0      
eno1                4520 0          1290 0         5659K 0         89492 0      
eno1                4489 0          1318 0         5592K 0         91340 0      
eno1                4369 0          1222 0         5537K 0         84780 0      
eno1                4137 0          1213 0         5174K 0         84434 0      
eno1                4447 0          1180 0         5499K 0         82232 0      
eno1                4410 0          1056 0         5558K 0         73788 0      
eno1                4148 0          1019 0         5242K 0         71618 0      
eno1                4560 0          1184 0         5700K 0         82548 0      
eno1                4731 0          1156 0         5949K 0         80908 0      
eno1                4399 0          1261 0         5600K 0         87578 0      
eno1                3940 0          1143 0         4943K 0        111150 0      
eno1                 669 0           552 0        456972 0        304041 0      
eno1                 538 0           293 0        419630 0         30422 0      
eno1                 503 0           278 0        388532 0         29024 0      
eno1                 518 0           283 0        382862 0         29558 0      
eno1                8886 0          1612 0        12286K 0        119856 0      
eno1                9819 0          1707 0        13571K 0        126262 0      
eno1                9237 0          1638 0        12697K 0        121436 0      
eno1                9725 0          1646 0        13368K 0        122556 0      
eno1               11164 0          1698 0        15332K 0        125396 0      
eno1               10999 0          1785 0        15009K 0        131138 0      
eno1               11179 0          1784 0        15339K 0        131616 0      
eno1               11545 0          1812 0        15884K 0        133440 0      
eno1               11873 0          1580 0        16378K 0        117336 0      
eno1               11381 0          1612 0        15653K 0        120264 0      
eno1               11762 0          1617 0        16190K 0        120050 0      
eno1               11430 0          1576 0        15730K 0        117616 0      
eno1               11426 0          1658 0        15701K 0        123076 0      
eno1               11408 0          1619 0        15688K 0        120726 0      
eno1               11208 0          1636 0        15379K 0        121872 0      
eno1               11365 0          1608 0        15621K 0        120000 0      
eno1               11654 0          1639 0        16089K 0        122046 0      
eno1               12182 0          1767 0        16858K 0        129926 0      
eno1               11914 0          1848 0        16512K 0        136112 0      
eno1               11733 0          1782 0        16238K 0        131732 0      
eno1               11956 0          1706 0        16555K 0        126468 0      
eno1               11612 0          1785 0        16013K 0        131682 0      
eno1               11702 0          1623 0        16115K 0        120718 0      
eno1               11122 0          1795 0        15257K 0        132342 0      
eno1               11217 0          1705 0        15419K 0        126674 0      
eno1               11641 0          1677 0        16063K 0        124874 0      
eno1               11715 0          1628 0        16182K 0        121048 0      
eno1               11462 0          1773 0        15830K 0        131162 0      
eno1               12483 0          1579 0        17258K 0        116726 0      
eno1               11596 0          1623 0        15967K 0        121262 0      
eno1               11438 0          1736 0        15683K 0        128016 0      
eno1               11698 0          1622 0        16067K 0        120652 0      
eno1               11093 0          1621 0        15206K 0        120858 0      
eno1               11402 0          1726 0        15633K 0        127516 0      
eno1               11320 0          1574 0        15506K 0        117484 0      
eno1               11784 0          1615 0        16182K 0        120190 0      
eno1               11795 0          1646 0        16264K 0        121964 0      
eno1               12128 0          1573 0        16722K 0        116874 0      
eno1               11693 0          1693 0        16139K 0        125882 0      
eno1               12080 0          1700 0        16745K 0        125800 0      
eno1               11458 0          1777 0        15820K 0        131698 0      
eno1               11044 0          1847 0        15169K 0        136590 0      
eno1               11340 0          1878 0        15580K 0        138364 0      
eno1               11867 0          1926 0        16357K 0        141140 0      
eno1               11201 0          1802 0        15392K 0        133212 0      
eno1               11926 0          1832 0        16414K 0        134512 0      
eno1               11465 0          1947 0        15768K 0        142646 0      
eno1               11785 0          1826 0        16225K 0        133892 0      
eno1               11916 0          1773 0        16421K 0        130618 0      
eno1               11831 0          1811 0        16338K 0        133126 0      
eno1               11574 0          1811 0        15936K 0        133670 0      
eno1               11549 0          1732 0        15827K 0        127640 0      
eno1               11584 0          1655 0        15893K 0        122806 0      
eno1               12119 0          1723 0        16706K 0        127046 0      
eno1               11467 0          1732 0        15756K 0        128456 0      
eno1               11330 0          1690 0        15488K 0        125140 0      
eno1               11618 0          1602 0        15929K 0        119332 0      
eno1               11890 0          1753 0        16367K 0        129334 0      
eno1               11420 0          1677 0        15657K 0        124554 0      
eno1               10831 0          1717 0        14771K 0        128690 0      
eno1                1255 0           961 0        802491 0        377827 0      
eno1                1418 0           822 0         1050K 0         87368 0      
eno1                1445 0           825 0         1100K 0         85934 0      
eno1                1412 0           840 0         1015K 0         88128 0      
eno1                6872 0          1244 0         8800K 0        108080 0      
eno1                8656 0          1284 0        11391K 0        108204 0      
eno1                8634 0          1275 0        11214K 0        108222 0      
eno1                9492 0          1329 0        12369K 0        111150 0      
eno1               10203 0          1360 0        13346K 0        113040 0      
eno1                8794 0          1304 0        11455K 0        109388 0      
eno1                8903 0          1245 0        11489K 0        104950 0      
eno1                9720 0          1302 0        12622K 0        109800 0      
eno1               10910 0          1355 0        14188K 0        112938 0      
eno1               10669 0          1400 0        13846K 0        116652 0      
eno1               10341 0          1472 0        13332K 0        122040 0      
eno1               10640 0          1346 0        13787K 0        112908 0      
eno1                9631 0          1246 0        12434K 0        105696 0      
eno1                9036 0          1252 0        11620K 0        105864 0      
eno1                8690 0          1305 0        11140K 0        110406 0      
eno1                9730 0          1317 0        12543K 0        110382 0      
eno1               10507 0          1409 0        13543K 0        117066 0      
eno1               10600 0          1345 0        13704K 0        112434 0      
eno1               10445 0          1414 0        13492K 0        117804 0      
eno1               10609 0          1344 0        13668K 0        113184 0      
eno1               10707 0          1396 0        13884K 0        115800 0      
eno1               10792 0          1387 0        14035K 0        115866 0      
eno1                9064 0          1205 0        11687K 0        102174 0      
eno1                9681 0          1328 0        12529K 0        112774 0      
eno1                8811 0          1179 0        11392K 0        100662 0      
eno1                9009 0          1252 0        11572K 0        106092 0      
eno1                9088 0          1229 0        11710K 0        104686 0      
eno1                9437 0          1456 0        12143K 0        121392 0      
eno1               10286 0          1483 0        13237K 0        123174 0      
eno1               10763 0          1350 0        13893K 0        112800 0      
eno1               10817 0          1356 0        14019K 0        112752 0      
eno1               10587 0          1398 0        13674K 0        116340 0      
eno1               10948 0          1369 0        14182K 0        113610 0      
eno1               10814 0          1345 0        14023K 0        112638 0      
eno1               10947 0          1348 0        14235K 0        112836 0      
eno1               10547 0          1366 0        13645K 0        114432 0      
eno1               10671 0          1374 0        13815K 0        114960 0      
eno1               10756 0          1388 0        13920K 0        116292 0      
eno1               10793 0          1378 0        13975K 0        115020 0      
eno1               10649 0          1380 0        13779K 0        115728 0      
eno1               10440 0          1467 0        13485K 0        121506 0      
eno1               10709 0          1334 0        13829K 0        111300 0      
eno1               10715 0          1352 0        13867K 0        112692 0      
eno1               10667 0          1372 0        13791K 0        114400 0      
eno1               10912 0          1327 0        14129K 0        110906 0      
eno1               10708 0          1380 0        13878K 0        115560 0      
eno1               10984 0          1378 0        14289K 0        115020 0      
eno1               10866 0          1399 0        14069K 0        115998 0      
eno1               10680 0          1415 0        13837K 0        117506 0      
eno1               11017 0          1339 0        14329K 0        112174 0      
eno1               10650 0          1388 0        13762K 0        116292 0      
eno1               10722 0          1447 0        13907K 0        120186 0      
eno1               10760 0          1312 0        13957K 0        110256 0      
eno1               10530 0          1375 0        13618K 0        115230 0      
eno1               10493 0          1370 0        13551K 0        114492 0      
eno1               10915 0          1339 0        14124K 0        111834 0      
eno1               10630 0          1366 0        13766K 0        114292 0      
eno1               10919 0          1333 0        14169K 0        111642 0      
eno1               10747 0          1443 0        13928K 0        119922 0      
eno1               10922 0          1433 0        14192K 0        118902 0      
eno1                1186 0           142 0         1517K 0         13556 0      
eno1                   0 0             0 0             0 0             0 0      
eno1                   0 0             0 0             0 0             0 0      
eno1                   1 0             1 0            60 0            42 0      
eno1                   0 0             0 0             0 0             0 0      
